57287864
57287864
57287864
57287864
57287864
57287864
57287864
57287864
57287864
57287864
57287864
57287864
57287864
57287864
57287864
57287864
57287864
57287864
57287864
57287864
57287864
57287864
57287864
57287864
57287864
57287864
57287864
57287864
57287864
57287864
57287864
57287864
57287864
57287864
57287864
57287864
57287864
57287864
57287864
57287864
57287864
92093123
92093123
92093123
92093123
92093123
92093123
92093123
92093123
92093123
92093123
92093123
92093123
92093123
92093123
92093123
92093123
92093123
92093123
92093123
92093123
92093123
92093123
92093123
92093123
92093123
92093123
92093123
92093123
92093123
92093123
92093123
92093123
92093123
92093123
92093123
92093123
92093123
92093123
92093123
92093123
92093123
92093123
92093123
92093123
92093123
92093123
92093123
92093123
92093123
92093123
92093123
92093123
92093123
92093123
92093123
92093123
92093123
92093123
92093123
92093123
92093123
92093123
103163765
103163765
103163782
103163782
103163813
103163813
103163840
103163840
103163858
103163858
103163870
103163870
103163873
103163873
103163904
103163904
103163909
103163909
103163913
103163913
103163980
103163980
103164009
103164068
103164089
103164089
103164209
103164209
103164209
103164209
103164209
103164209
103164209
103164236
103164236
103164254
103164254
103164270
103164270
103164301
103164301
103164353
103164353
103164420
103164420
103164490
103164490
103164520
103164520
103164546
103164546
103164548
103164548
103164549
103164549
103164619
103164619
103164619
103164678
103164678
103164726
103164726
103164735
103164735
103164769
103164769
103164806
103164806
103164821
103164821
103164854
103164854
103164872
103164872
103164873
103164873
103164874
103164874
103164917
103164917
103164922
103164922
103164944
103164944
103164951
103164951
103164951
103164951
103165086
103165086
103165163
103165163
103165167
103165167
103165247
103165247
103165317
103165317
103165325
103165325
103165336
103165361
103165369
103165370
103165447
103165447
103165447
103165447
103165505
103165505
103165505
103165505
103165505
103165505
103165505
103165506
103165506
103165506
103165506
103165506
103165506
103165506
103165506
103165506
103165506
103165506
103165506
103165506
103165506
103165526
103165526
103165526
103165539
103165539
103165540
103165561
103165561
103165562
103165562
103165609
103165609
103165643
103165643
103165644
103165644
103165712
103165712
103165713
103165713
103165719
103165719
103165719
103165719
103165719
103165719
103165719
103165719
103165719
103165719
103165719
103165719
103165719
103165719
103165719
103165719
103165719
103165719
103165719
103165719
103165719
103165719
103165719
103165719
103165719
103165719
103165719
103165722
103165722
103165728
103165728
103165736
103165736
103165737
103165737
103165737
103165737
103165737
103165737
103165741
103165741
103165741
103165742
103165750
103165751
103165751
103165765
103165765
103165765
103165765
103165765
103165765
103165765
103165765
103165765
103165765
103165765
103165765
103165765
103165765
103165765
103165765
103165765
103165765
103165765
103165765
103165765
103165765
103165765
103165765
103165765
103165765
103165766
103165766
103165766
103165769
103165769
103165830
103165830
103165858
103165858
103165869
103165869
103165933
103165933
103165964
103165964
103165982
103165982
103166129
103166129
103166132
103166132
103166269
103166269
103166276
103166276
103166445
103166445
103166463
103166463
103166621
103166621
103166767
103166767
103166970
103166970
103167043
103167043
103167089
103167089
103167211
103167211
103167216
103167216
103167216
103167216
103167216
103167216
103167216
103167216
103167313
103167313
103167491
103167682
103167682
103167833
103167833
103167959
103167959
103168044
103168044
103168084
103168084
103168230
103168230
103168313
103168313
103168363
103168363
103168388
103168388
103168637
103168637
103168744
103168744
103168755
103168755
103168783
103168783
103168790
103168790
103168962
103168962
103169070
103169108
103169151
103169151
103169151
103169156
103169156
103169165
103169165
103169324
103169389
103169389
103169389
103169389
103169389
103169389
103169389
103169389
103169389
103169414
103169414
103169484
103169484
103169867
103169867
103170037
103170037
103170049
103170049
103170049
103170100
103170100
103170100
103170197
103170197
103170197
103170619
103170619
103170825
103170825
103170825
103170825
103170825
103170825
103170825
103170825
103170825
103170825
103170825
103170845
103170845
103171247
103171247
103171472
103171472
103171565
103171565
103171578
103171578
103171590
103171590
103171825
103171825
103171902
103171902
103171942
103171942
103172204
103172204
103172254
103172254
103172304
103172304
103172426
103172426
103172458
103172458
103172948
103172948
103173037
103173037
103173154
103173154
103173303
103173303
103173431
103173431
103173542
103173542
103173626
103173691
103173718
103173718
103173719
103173757
103173757
103173774
103173774
103173828
103173840
103173870
103173870
103173872
103173872
103173872
103173872
103173925
103173925
103174107
103174107
103174312
103174312
103174429
103174429
103174500
103174500
103174523
103174523
103174569
103174569
103174641
103174641
103174787
103174787
103175225
103175225
103175236
103175236
103175300
103175300
103175312
103175312
103175608
103175608
103175725
103175725
103176035
103176121
103176121
103176152
103176152
103176185
103176185
103176204
103176204
103176241
103176241
103176321
103176321
103176346
103176346
103176475
103176475
103176635
103176635
103176823
103177051
103177051
103177124
103177124
103177577
103177661
103177661
103177661
103177661
103177661
103177671
103177753
103177753
103177782
103177784
103177857
103177857
103177883
103177883
103178022
103178022
103178054
103178054
103178134
103178134
103178542
103178542
103178831
103178831
103178852
103178852
103178857
103178857
103178920
103178920
103178924
103178924
103178942
103178942
103178971
103178971
103178995
103178995
103179006
103179006
103179008
103179008
103179013
103179013
103179077
103179077
103179087
103179087
103179088
103179088
103179099
103179099
103179145
103179145
103179212
103179212
103179319
103179319
103179427
103179427
103179577
103179577
103179606
103179606
103179607
103179607
103179760
103179760
103179819
103179819
103181002
103181002
103181781
103181781
103181943
103181943
103182298
103182298
103182595
103182595
103183095
103183095
103183317
103183384
103183384
103183489
103183489
103183489
103183537
103183537
103183576
103183576
103183701
103183701
103183748
103183748
103183749
103183749
103183767
103183767
103183978
103183978
103183978
103184643
103184643
103184855
103184855
103185057
103185057
103185469
103185469
103186411
103186411
103186782
103187893
103188146
103188146
103188158
103188158
103188188
103188188
103188337
103188337
103188539
103188539
103188732
103188732
103188772
103188772
103188801
103188801
103188807
103188807
103188808
103188808
103188847
103188847
103188875
103188875
103188912
103188912
103188954
103188954
103188975
103188975
103189004
103189004
103189005
103189005
103189011
103189011
103189029
103189029
103189031
103189031
103189187
103189187
103189194
103189209
103189209
103189214
103189214
103189246
103189246
103189263
103189263
103189265
103189265
103189275
103189275
103189283
103189283
103189284
103189284
103189345
103189345
103189409
103189409
103189534
103189534
103189939
103189939
103190535
103190535
103190907
103190907
103191130
103191130
103191369
103191369
103191448
103191448
103191605
103191605
103191766
103192227
103192227
103192227
103192227
103192227
103192227
103192262
103192311
103192311
103192312
103192312
103192563
103192563
103193092
103193092
103193099
103193099
103193303
103193303
103193678
103193678
103193982
103193982
103194022
103194022
103194399
103194399
103194429
103194429
103194712
103194712
103194712
103194712
103194712
103194727
103194727
103194771
103194771
103194851
103194851
103194907
103195019
103195019
103195118
103195118
103195217
103195217
103195217
103195217
103195217
103195217
103195217
103195217
103195217
103195217
103195217
103195217
103195217
103195217
103195217
103195217
103195217
103195217
103195217
103195252
103195252
103195252
103195252
103195252
103195621
103195621
103196026
103196138
103196138
103196311
103196311
103196411
103196411
103196550
103196960
103197313
103197313
103197313
103197433
103197433
103197433
103197484
103197484
103197548
103197648
103197648
103197648
103197669
103197669
103198031
103198031
103198693
103198693
103198694
103198694
103199108
103199108
103199108
103199108
103199108
103199108
103199108
103199108
103199108
103199108
103199108
103199108
103199108
103199108
103199108
103199108
103199108
103199108
103199108
103199108
103199108
103199161
103199382
103199382
103199419
103199419
103199488
103199488
103199552
103199552
103199715
103199715
103199752
103199752
103199752
103199752
103199753
103199753
103199753
103199753
103200240
103200240
103200429
103200429
103200647
103200724
103200727
103200728
103200729
103200730
103200731
103200763
103200972
103200972
103201179
103201243
103201243
103201439
103201439
103201440
103201483
103201484
103201511
103201540
103201540
103201542
103201542
103202464
103202464
103202618
103202919
103202919
103203075
103203075
103203421
103203421
103203672
103203672
103203986
103203986
103204055
103204055
103204244
103204244
103204298
103204298
103204864
103204864
103206701
103206701
103206766
103206766
103207410
103207410
103207442
103207442
103207636
103207636
103208887
103208887
103209992
103209992
103210093
103210093
103210094
103210094
103210632
103210632
103210646
103210646
103210760
103210760
103211461
103211461
103211583
103211583
103212333
103212333
103212991
103212991
103213015
103213015
103213021
103213021
103215362
103215362
103215824
103215824
103215995
103215995
103216085
103216085
103216314
103216314
103216609
103216609
103216614
103216614
103216963
103217150
103217150
103217374
103217374
103218455
103218455
103218566
103218566
103218919
103219083
103219083
103219164
103219164
103219212
103219212
103220466
103220466
103220490
103220490
103220983
103220983
103221475
103221475
103221477
103221477
103221520
103221520
103222497
103222497
103223807
103223807
103223867
103223867
103224052
103224052
103224166
103224166
103224449
103224449
103224650
103224659
103224659
103224720
103224720
103225238
103225238
103225393
103225393
103225961
103225961
103226073
103226073
103226142
103226142
103226170
103226170
103226686
103226686
103227237
103227310
103227310
103227365
103227365
103227652
103227652
103228261
103228261
103228757
103228757
103228758
103228758
103229438
103229465
103229466
103229466
103229466
103229487
103229487
103229494
103229494
103229516
103229518
103229518
103229670
103229985
103229985
103229985
103229985
103229985
103229985
103229985
103229985
103229985
103229985
103229985
103230014
103230014
103230014
103230014
103230014
103230014
103230014
103230014
103230014
103230014
103230014
103230014
103230014
103230015
103230069
103230094
103230651
103230651
103231281
103231281
103231282
103231282
103231964
103231964
103232332
103232332
103233337
103233471
103233471
103233564
103233890
103234269
103234269
103234592
103234592
103234593
103234593
103234668
103234668
103234890
103234890
103234908
103234908
103235071
103235071
103235190
103235190
103235689
103235689
103235701
103236900
103236900
103237480
103237600
103238871
103238871
103239041
103239041
103239458
103239458
103240093
103240093
103240106
103240106
103240839
103240839
103241510
103241510
103241784
103241784
103242469
103242469
103242914
103242914
103243148
103243148
103243329
103243329
103244854
103244854
103245064
103245064
103245381
103245381
103245522
103245522
103245538
103245538
103245564
103245564
103245600
103245600
103246205
103246205
103248360
103248360
103249489
103249489
103250293
103250293
103250329
103250329
103250362
103250362
103250420
103250420
103250959
103250959
103252336
103252336
103252877
103252877
103253199
103253261
103253261
103254526
103254526
103254903
103254959
103254990
103254993
103254993
103254993
103254993
103254993
103255025
103255027
103255028
103255183
103255183
103255340
103255376
103255494
103255494
103255529
103255910
103255910
103255910
103255910
103255910
103256288
103256288
103257884
103257884
103258899
103258899
103259583
103259583
103261079
103261079
103261258
103261258
103262836
103262836
103264195
103265212
103265212
103266319
103266319
103266539
103266539
103266720
103266893
103267492
103267492
103267861
103267861
103268014
103268014
103269962
103269962
103271913
103271913
103272743
103272743
103272941
103272941
103272941
103272941
103272941
103272941
103272941
103272941
103272941
103272941
103272941
103272941
103272941
103272941
103272941
103272941
103272941
103272941
103272941
103272941
103272941
103272941
103272941
103272941
103272941
103272941
103272941
103272941
103272979
103273083
103273083
103273083
103273158
103273160
103273160
103273193
103273193
103273193
103273238
103273239
103273345
103273345
103273527
103273527
103273629
103273629
103273629
103273630
103273664
103274161
103274161
103274172
103274172
103274495
103274495
103274793
103274798
103274827
103274829
103275287
103275399
103275401
103275435
103275436
103275455
103275455
103275458
103275459
103275461
103275850
103275878
103275882
103275883
103276098
103277459
103277459
103277752
103279849
103279849
103280853
103282209
103282209
103282519
103282519
103282650
103282650
103283276
103283676
103284327
103284327
103286284
103287107
103287107
103287515
103288110
103288110
103288149
103288149
103288166
103288166
103288373
103288373
103288539
103288539
103290845
103290876
103291064
103291064
103291866
103291866
103291875
103291875
103292372
103292372
103292415
103292415
103292787
103292787
103292815
103292815
103292864
103292864
103292969
103292969
103292984
103292984
103293005
103293005
103293043
103293043
103293849
103293849
103296891
103296891
103298791
103301299
103301299
103301334
103301334
103303791
103303791
103303946
103303946
103304486
103304486
103304594
103304594
103305076
103305076
103305836
103305836
103306370
103306370
103306382
103306382
103306510
103306510
103307725
103307725
103307725
103307725
103307725
103307757
103307757
103307757
103307757
103307760
103307762
103307762
103307762
103307762
103307762
103307762
103307762
103307762
103307762
103307762
103307762
103307762
103307762
103307762
103307762
103307762
103307794
103307794
103307794
103307795
103307795
103307795
103307795
103307795
103307795
103307795
103307795
103307795
103307795
103307795
103307813
103307814
103307814
103307814
103307814
103307845
103307845
103307845
103307845
103307874
103307876
103307876
103307906
103307906
103307942
103307946
103307946
103307946
103307946
103307946
103307946
103307946
103307946
103307981
103307981
103308103
103308143
103308144
103308244
103308244
103308258
103308306
103308306
103308306
103308306
103308306
103308306
103308306
103308313
103308477
103308477
103308618
103308618
103308618
103308629
103308665
103308665
103308706
103308706
103308706
103308706
103308706
103308706
103308706
103308706
103308706
103308707
103308707
103308716
103308717
103308762
103308762
103308802
103308802
103308803
103308803
103308917
103308918
103308918
103308920
103308920
103309679
103309870
103309903
103309903
103309971
103309971
103309971
103310272
103310272
103310273
103310386
103310453
103310483
103310605
103310606
103310606
103310632
103310632
103310639
103310671
103310705
103310705
103310782
103310782
103310799
103310801
103310809
103310811
103310819
103310829
103310829
103310849
103310849
103310849
103310948
103310950
103310950
103311042
103311042
103311080
103311080
103311204
103318016
103318016
103318474
103318474
103320980
103321248
103321248
103322037
103322261
103323115
103323115
103323195
103326781
103326781
103328250
103329683
103329683
103329864
103329864
103330746
103330746
103331451
103331451
103332887
103332887
103333158
103333158
103333818
103333818
103336705
103336825
103336887
103336888
103336888
103336971
103336971
103337342
103337342
103337355
103337392
103337693
103337736
103337769
103337770
103338617
103338617
103339313
103339676
103339676
103339707
103339709
103339774
103339774
103339798
103339830
103340187
103340357
103340603
103340603
103340993
103340993
103341166
103341547
103341607
103341633
103341726
103341726
103343350
103343350
103344166
103344166
103344811
103345443
103345443
103346479
103346479
103348651
103348651
103349868
103353725
103353725
103355081
103355081
103357668
103357930
103357931
103357947
103357947
103358068
103358193
103358193
103358404
103358404
103358535
103358553
103358554
103358580
103358630
103358653
103358655
103358670
103358698
103358733
103358763
103358893
103359034
103359097
103359097
103359133
103359156
103359157
103359195
103359196
103359196
103359196
103359196
103360542
103363125
103366047
103367920
103367920
103369093
103369094
103370406
103370406
103370789
103370789
103371832
103371832
103372397
103372397
103373967
103374341
103374457
103376259
103376533
103376533
103377543
103377543
103378026
103378026
103378768
103380806
103380806
103381484
103382993
103382993
103383679
103385271
103385271
103386733
103386734
103386734
103386734
103386765
103386765
103386765
103386766
103387101
103387101
103387101
103387123
103387123
103387123
103387124
103387124
103387124
103387145
103387145
103387145
103387145
103387145
103387432
103387432
103388855
103388855
103389663
103390551
103390551
103390551
103390551
103390551
103390551
103390551
103390551
103391063
103391063
103394273
103394953
103394988
103395010
103395039
103395040
103395051
103395077
103395884
103396795
103396795
103398356
103398356
103399308
103399308
103399575
103399575
103400902
103401015
103401015
103401161
103401161
103401163
103401163
103402262
103402264
103402265
103402285
103402288
103402289
103402342
103402352
103402378
103402388
103402389
103402397
103402398
103402399
103402406
103402537
103402540
103402567
103402605
103402607
103402648
103402685
103402687
103402700
103402701
103402717
103402907
103403029
103403030
103403030
103403054
103403064
103403137
103403183
103403200
103403223
103403232
103403244
103403245
103403272
103405309
103405309
103406603
103406603
103406649
103406649
103407502
103407502
103408660
103408740
103408740
103411217
103411217
103412051
103418150
103418150
103419062
103419062
103420820
103422115
103422115
103424427
103430081
103430412
103430412
103430492
103435505
103436934
103437040
103437047
103437141
103437141
103437446
103437561
103437562
103437784
103437788
103437789
103437857
103437859
103437955
103437975
103437976
103437976
103437982
103437986
103438066
103438348
103438513
103439637
103439637
103439638
103439638
103439638
103439664
103439664
103439665
103439665
103439693
103439693
103439712
103439712
103439733
103439733
103439734
103439734
103439734
103439734
103439735
103439735
103439736
103439740
103439740
103439741
103439741
103439742
103439742
103439742
103439742
103439745
103439749
103439749
103439750
103439750
103439752
103439752
103439757
103439758
103439758
103439759
103439759
103439760
103439760
103439761
103439763
103439763
103439764
103439764
103439765
103439765
103439766
103439766
103439770
103439770
103439771
103439771
103439772
103439772
103439774
103439774
103439775
103439775
103439778
103439778
103439779
103439779
103439780
103439780
103439782
103439782
103439785
103439785
103439786
103439786
103439787
103439787
103439796
103439796
103439797
103439797
103439798
103439798
103439798
103439799
103439799
103439799
103439799
103439799
103439799
103439799
103439799
103439799
103439799
103439805
103439806
103439806
103439807
103439807
103439808
103439808
103439814
103439814
103439815
103439817
103439817
103439820
103439820
103439822
103439822
103439823
103439823
103439827
103439827
103439828
103439828
103439829
103439829
103439830
103439830
103439834
103439834
103439835
103439836
103439836
103439837
103439837
103439844
103439844
103439846
103439847
103439847
103439847
103439847
103439847
103439847
103439847
103439847
103439851
103439852
103439852
103439886
103439886
103439887
103439887
103439887
103439904
103439904
103439916
103439932
103440109
103440109
103442131
103442269
103442269
103442269
103442301
103442301
103442301
103442301
103442554
103442554
103442571
103442571
103442647
103442647
103442650
103442650
103442650
103442660
103442660
103442660
103442661
103442661
103442661
103442669
103442669
103442669
103442670
103442670
103442670
103442672
103442674
103442675
103442676
103442677
103442677
103442677
103442688
103442688
103442688
103442696
103442696
103442696
103442698
103442709
103442715
103442715
103442715
103442717
103442719
103442734
103442734
103442734
103442734
103442736
103442736
103442736
103442737
103442737
103442737
103442738
103442738
103442738
103442739
103442739
103442739
103442746
103442746
103442752
103442752
103442752
103442754
103442754
103442754
103442762
103442762
103442762
103442762
103442763
103442764
103442764
103442765
103442781
103442781
103442781
103442783
103442783
103442783
103442838
103442838
103442838
103442839
103442845
103442845
103442845
103442853
103442861
103442875
103442875
103442875
103444316
103444333
103444356
103444356
103444397
103444475
103444493
103446278
103447888
103447888
103449036
103449047
103449133
103449137
103449174
103449936
103449981
103452809
103452809
103452809
103452819
103452875
103452876
103452896
103452911
103452950
103452950
103452950
103452950
103452950
103452950
103452959
103452964
103452964
103452964
103452964
103452964
103452964
103452970
103452992
103452992
103452992
103452992
103453008
103453016
103453020
103453023
103453023
103453023
103453023
103453023
103453031
103453056
103453057
103453062
103453068
103453095
103453095
103453095
103453096
103453096
103453096
103453106
103453107
103453107
103453107
103455384
103455384
103455618
103456563
103456563
103456649
103456649
103456649
103456649
103456649
103456674
103456872
103456959
103456959
103456985
103457055
103457055
103457088
103457302
103457355
103457356
103457465
103457492
103458417
103458417
103458635
103458646
103458646
103458800
103458801
103458936
103458965
103458965
103458973
103458974
103459007
103459012
103459081
103459159
103459160
103459160
103459192
103459356
103459383
103459384
103459385
103459388
103459389
103459412
103459425
103459429
103459707
103459707
103459872
103459872
103460177
103462008
103462008
103463019
103463576
103465642
103465643
103465686
103465687
103465794
103465852
103465853
103465897
103466002
103466003
103466092
103466093
103466522
103466522
103468208
103468208
103468208
103468209
103468209
103468209
103468210
103468210
103468210
103468211
103468211
103468211
103468215
103468216
103468216
103468216
103468218
103468218
103468218
103468219
103468219
103468219
103468219
103468225
103468226
103468227
103468227
103468227
103468227
103468227
103468227
103468228
103468228
103468228
103468228
103468233
103468234
103468235
103468235
103468235
103468236
103468236
103468236
103468236
103468241
103468241
103468241
103468242
103468243
103468244
103468244
103468244
103468245
103468245
103468245
103468248
103468248
103468248
103468249
103468250
103468251
103468252
103468252
103468252
103468253
103468253
103468253
103468256
103468257
103468257
103468257
103468258
103468258
103468258
103468259
103468260
103468260
103468260
103468260
103468261
103468261
103468261
103468265
103468269
103468269
103468269
103468273
103468274
103468274
103468274
103468275
103468276
103468277
103468277
103468277
103468278
103468278
103468278
103468281
103468282
103468283
103468284
103468285
103468286
103468289
103468290
103468291
103468291
103468291
103468291
103468292
103468292
103468292
103468293
103468294
103468297
103468298
103468299
103468299
103468299
103468299
103468300
103468300
103468300
103468303
103468304
103468306
103468306
103468306
103468307
103468307
103468307
103468308
103468309
103468312
103468312
103468312
103468313
103468313
103468313
103468313
103468313
103468313
103468313
103468313
103468313
103468313
103468313
103468315
103468315
103468315
103468317
103468320
103468320
103468320
103468321
103468322
103468323
103468326
103468327
103468328
103468328
103468328
103468329
103468329
103468329
103468330
103468331
103468615
103468622
103468624
103468630
103468631
103468640
103468640
103468641
103468646
103468646
103468646
103468646
103468646
103468647
103468656
103468657
103468665
103468667
103468671
103468671
103468671
103468671
103468672
103468676
103468677
103468683
103468684
103468690
103468691
103468710
103468712
103468716
103468721
103468721
103468722
103468722
103468740
103468740
103468740
103468741
103468741
103468749
103468749
103468749
103468750
103468750
103468750
103468751
103468751
103468760
103468760
103468761
103468761
103468762
103468762
103468772
103468772
103468773
103468773
103468774
103468774
103468782
103468782
103468784
103468784
103468785
103469357
103469357
103469360
103469360
103469378
103469378
103469393
103469393
103469419
103469419
103469610
103469610
103470429
103470699
103470702
103471392
103471393
103471397
103473085
103473542
103473542
103473543
103473558
103473559
103473882
103473907
103473947
103473995
103475708
103475844
103475971
103475972
103476032
103476105
103476120
103476131
103476625
103477782
103477782
103478231
103478231
103478702
103482102
103482102
103482708
103482708
103483204
103483583
103483583
103484622
103484622
103485024
103487489
103487489
103488450
103492689
103492690
103492691
103492718
103493148
103493149
103493230
103493432
103493432
103494075
103494075
103494427
103495420
103495420
103495421
103495421
103495422
103495422
103495452
103495452
103495453
103495785
103495786
103495787
103495787
103495815
103495815
103495816
103495817
103495817
103495834
103495834
103495835
103495863
103495864
103495865
103496050
103496050
103496051
103498411
103498411
103501213
103503415
103503926
103503926
103503975
103503975
103504084
103504084
103504457
103504457
103504490
103504490
103504725
103504725
103506281
103507191
103507191
103507642
103507642
103508277
103508277
103508547
103508547
103508631
103508632
103508742
103508743
103508744
103510607
103510607
103511767
103511767
103512866
103512866
103512892
103512892
103513016
103513016
103513368
103513368
103515892
103515892
103516887
103516887
103519121
103519121
103519598
103520216
103520216
103520217
103520217
103520919
103522443
103522444
103522445
103522446
103522447
103522448
103522449
103522450
103522451
103522452
103522453
103522454
103522455
103522456
103522458
103522461
103522464
103522467
103522469
103522471
103522471
103523408
103523408
103524732
103524732
103524762
103524762
103524891
103524891
103526952
103527296
103528240
103529091
103529091
103530856
103532096
103532096
103532317
103532317
103532383
103532383
103532939
103532939
103533189
103533189
103533730
103533730
103534218
103534218
103535182
103535182
103535475
103536442
103536442
103536442
103536443
103536443
103536443
103536444
103536444
103536444
103536445
103536445
103536445
103536446
103536446
103536446
103536447
103536447
103536447
103536448
103536448
103536448
103539749
103539760
103540465
103540465
103540465
103540466
103540467
103540467
103540467
103540468
103540469
103540469
103540469
103540470
103540471
103540471
103540471
103540472
103540473
103540473
103540473
103540474
103540475
103540475
103540475
103540476
103540476
103540476
103540476
103540477
103540477
103540477
103540478
103540480
103540480
103540480
103540481
103540481
103540481
103540481
103540481
103540481
103540481
103540481
103540481
103540481
103540543
103540543
103540670
103540670
103540670
103540670
103540671
103540671
103540671
103540671
103540677
103540677
103540677
103540677
103540678
103540678
103540678
103540678
103540679
103540679
103540679
103540679
103540680
103540680
103540680
103540680
103540682
103540682
103540682
103540682
103540684
103540684
103540684
103540684
103540685
103540685
103540685
103540685
103540686
103540686
103540686
103540686
103540687
103540687
103540687
103540687
103540689
103540689
103540689
103540689
103540692
103540692
103540692
103540692
103540693
103540693
103540693
103540693
103540695
103540695
103540695
103540695
103540696
103540696
103540696
103540696
103540697
103540697
103540697
103540697
103540699
103540699
103540699
103540699
103540701
103540701
103540701
103540701
103540703
103540703
103540703
103540706
103540706
103540706
103540706
103540709
103540709
103540709
103540709
103540710
103540710
103540710
103540710
103540712
103540712
103540712
103540712
103540713
103540713
103540713
103540713
103540714
103540714
103540714
103540714
103540716
103540716
103540716
103540716
103540718
103540718
103540718
103540718
103540720
103540720
103540720
103540720
103540723
103540723
103540723
103540723
103540725
103540725
103540725
103540725
103540727
103540727
103540727
103540727
103540728
103540728
103540728
103540728
103540729
103540729
103540729
103540729
103540733
103540733
103540733
103540733
103540735
103540735
103540735
103540735
103540736
103540736
103540736
103540736
103540737
103540737
103540737
103540737
103540738
103540738
103540738
103540738
103540741
103540741
103540741
103540741
103540742
103540742
103540742
103540742
103540745
103540745
103540745
103540745
103540746
103540746
103540746
103540746
103540748
103540748
103540748
103540748
103540750
103540750
103540750
103540750
103541455
103541455
103543149
103543149
103543150
103543150
103543151
103543151
103544081
103544082
103544083
103544139
103544139
103544522
103544522
103545170
103545170
103545435
103545435
103546227
103546257
103546260
103546262
103546267
103546269
103546270
103546272
103546275
103546276
103546281
103546283
103546285
103546287
103546289
103546294
103546296
103546302
103546496
103546496
103546830
103546831
103546833
103546834
103546835
103546837
103547919
103547925
103547927
103548420
103548420
103550101
103550125
103550126
103550127
103550128
103550129
103550130
103550131
103550132
103550133
103550134
103550135
103550136
103550137
103550138
103550139
103550140
103550141
103550142
103550143
103550144
103550145
103550146
103550147
103550148
103550149
103550150
103550151
103550152
103553459
103553460
103553461
103553493
103553494
103553495
103553496
103553497
103553501
103553503
103553506
103553509
103553511
103553513
103553515
103553517
103553518
103553520
103553523
103553524
103553531
103553534
103553537
103553540
103553541
103553542
103553543
103553544
103553545
103553546
103553547
103553549
103553551
103553552
103553553
103553554
103553555
103553556
103553557
103553563
103553566
103553569
103553571
103553573
103553578
103553583
103553586
103553590
103553593
103553596
103553598
103553599
103553603
103553607
103553610
103553612
103553614
103553616
103553618
103553619
103553979
103554527
103554720
103554720
103555920
103555920
103555930
103555930
103555936
103555936
103555995
103555996
103555996
103556242
103556242
103556328
103556420
103556420
103556778
103556782
103556786
103556789
103556790
103556860
103556901
103556901
103556931
103556931
103556970
103556970
103556997
103556997
103557025
103557025
103557046
103557046
103557047
103557047
103557049
103557049
103557069
103557069
103558202
103558436
103558436
103558443
103558443
103558466
103558466
103558530
103558530
103558581
103558581
103558584
103558584
103558703
103558703
103558716
103558716
103559176
103559177
103559178
103559271
103559289
103559290
103559292
103559354
103559355
103559356
103559378
103559380
103559381
103559383
103559384
103559385
103559385
103559387
103559388
103559389
103559390
103559391
103559392
103559393
103559394
103559395
103559397
103559399
103559404
103559405
103560455
103562459
103562477
103566156
103566848
103566848
103567043
103567044
103567045
103567215
103567215
103567551
103567551
103567590
103567590
103567639
103567639
103568173
103568173
103570000
103570000
103570372
103571886
103572434
103572434
103574466
103575311
103575371
103575411
103575518
103575519
103577988
103577988
103579573
103579573
103579966
103579966
103580116
103581295
103581295
103582030
103584019
103584019
103585278
103585278
103588113
103588113
103588722
103588722
103588726
103588726
103589702
103589702
103589714
103589714
103589735
103589735
103589812
103589812
103589921
103589983
103589983
103589984
103589984
103590286
103590286
103590321
103590321
103590513
103590513
103590644
103590644
103597669
103597669
103598424
103598676
103598676
103600468
103600468
103601612
103601826
103601826
103601991
103602152
103602152
103602484
103602485
103602633
103602634
103602635
103602667
103602690
103602691
103602703
103602703
103602704
103602704
103602769
103602769
103602772
103602772
103602773
103602773
103602774
103602774
103602775
103602775
103602776
103602776
103602777
103602777
103602828
103602828
103602829
103602829
103602830
103602830
103602831
103602831
103602832
103602832
103602889
103602889
103602890
103602890
103602891
103602891
103602892
103602892
103602893
103602893
103602918
103602949
103602949
103602950
103602950
103602951
103602951
103602952
103602952
103603005
103603005
103604241
103604285
103604464
103605085
103605085
103605176
103605292
103605292
103606271
103611913
103611913
103612755
103612778
103615349
103616293
103616777
103616777
103618143
103618143
103618328
103618328
103618694
103618726
103618726
103619997
103619997
103620107
103620213
103620381
103620953
103621022
103621099
103621141
103621143
103621816
103621816
103624002
103624946
103624947
103625015
103625016
103625017
103625018
103625019
103625020
103625091
103625092
103625093
103625094
103625095
103625930
103626969
103628891
103630516
103630517
103630518
103630533
103630533
103630569
103630569
103630570
103630571
103630571
103630571
103630571
103630620
103630620
103630620
103630621
103630621
103630622
103630622
103630622
103630622
103630623
103630624
103630665
103630666
103630667
103630668
103630668
103630668
103630668
103630668
103630669
103630669
103630669
103630669
103630669
103630714
103630714
103630714
103630715
103630715
103630715
103630716
103630717
103630765
103630769
103630769
103630769
103630897
103630897
103631353
103631353
103632497
103632498
103632499
103632500
103632562
103632563
103632564
103632565
103637443
103637443
103637704
103637704
103641903
103642911
103642911
103646320
103646320
103648024
103648024
103649168
103649168
103650962
103650963
103650964
103650965
103650965
103650965
103650966
103650967
103650967
103650967
103650968
103650968
103650968
103650969
103650970
103650971
103651024
103651025
103651026
103651027
103651027
103651027
103651028
103651028
103651028
103651029
103651029
103651029
103651030
103651031
103651031
103651031
103651032
103651033
103651034
103651035
103651798
103651799
103651800
103651801
103651802
103651803
103651871
103651993
103651994
103651995
103651996
103651997
103651998
103652062
103652062
103652062
103652063
103652064
103652064
103652065
103652066
103652067
103652068
103652069
103652070
103652139
103652139
103652139
103652140
103652140
103652140
103652141
103652141
103652141
103652142
103652142
103652142
103652143
103652144
103652145
103652146
103652147
103652148
103652208
103652208
103652208
103652208
103652209
103652209
103652209
103652209
103652210
103652211
103652211
103652212
103652213
103652268
103652273
103652273
103652335
103652395
103652530
103652531
103652598
103652599
103652600
103652601
103652602
103652603
103652666
103652667
103652668
103652669
103652670
103652671
103652736
103652737
103652738
103652739
103652739
103652739
103652739
103652739
103652740
103652741
103652805
103652806
103652807
103652808
103652809
103652810
103653333
103653335
103653565
103654274
103654274
103670002
103671430
103675112
103675118
103675122
103675125
103675202
103678957
103678964
103678969
103678971
103678991
103680984
103680984
103682056
103682056
103683319
103683467
103684534
103684622
103684622
103687860
103687860
103689672
103689672
103696081
103696081
103696892
103698830
103699047
103699047
103699047
103699047
103699048
103699048
103699048
103699048
103699060
103699060
103699060
103699060
103699067
103699067
103699067
103699067
103699068
103699079
103699079
103699079
103699079
103699080
103699081
103699099
103699124
103699124
103699124
103699124
103699130
103699130
103699130
103699130
103699131
103699131
103699131
103699131
103699137
103699137
103699137
103699137
103699142
103699142
103699142
103699142
103699142
103699150
103699150
103699150
103699150
103699151
103699151
103699151
103699151
103701539
103701539
103701539
103701540
103701540
103701540
103701541
103701541
103701541
103701549
103701549
103701549
103701550
103701550
103701550
103701551
103701551
103701551
103701572
103701572
103701572
103701588
103701588
103701588
103701589
103701589
103701589
103701590
103701590
103701590
103701591
103701591
103701591
103701599
103701599
103701599
103701600
103701600
103701600
103701601
103701601
103701601
103701616
103701616
103701616
103701616
103701616
103701616
103701617
103701617
103701617
103701618
103701618
103701618
103701651
103701651
103701651
103701664
103701664
103701664
103701665
103701665
103701665
103701666
103701666
103701666
103701666
103701666
103701666
103701666
103701666
103701667
103701667
103701667
103701668
103701668
103701668
103701687
103701687
103701687
103701688
103701688
103701688
103701689
103701689
103701689
103702316
103703382
103703382
103706501
103706605
103706605
103707204
103707205
103707206
103707207
103707208
103707235
103707236
103707253
103707254
103707279
103707279
103707279
103707280
103707280
103707280
103707295
103707295
103707295
103707296
103707296
103707296
103707315
103707315
103707315
103707689
103707689
103707694
103707694
103707721
103707721
103709193
103709193
103709394
103709398
103709399
103709399
103709399
103709410
103709411
103709411
103709411
103709415
103709415
103709415
103709415
103709425
103709425
103709425
103709425
103709426
103709426
103709430
103709440
103709440
103709440
103709441
103709441
103709441
103709446
103709447
103709449
103709450
103709454
103709456
103709457
103709459
103709460
103712397
103712397
103716336
103716337
103716338
103716338
103716339
103716340
103716391
103716392
103716393
103716394
103716395
103716439
103716440
103716441
103716442
103716443
103716496
103716497
103716497
103716497
103716497
103716498
103716498
103716499
103716500
103716551
103716552
103716553
103716554
103716555
103716561
103716561
103716561
103716562
103716562
103716562
103716609
103716610
103716611
103716612
103716612
103716612
103716612
103716612
103716612
103716612
103716612
103716615
103716616
103716863
103716863
103718111
103719014
103720271
103720281
103720281
103720281
103720286
103720286
103720286
103720286
103720303
103720303
103720303
103720303
103720402
103720415
103720415
103720416
103720416
103720416
103720416
103720428
103720428
103722741
103722741
103722741
103722804
103722804
103722804
103722805
103722805
103722805
103722806
103722806
103722806
103722807
103722807
103722807
103722808
103722808
103722808
103722866
103722866
103722866
103722867
103722867
103722867
103722868
103722868
103722868
103722869
103722869
103722869
103722870
103722870
103722870
103722934
103722934
103722934
103722935
103722935
103722935
103722936
103722936
103722936
103722937
103722937
103722937
103723006
103723006
103723006
103723007
103723007
103723007
103724173
103724173
103727537
103729080
103729171
103729172
103729250
103729251
103734631
103734632
103734633
103734633
103734633
103734634
103734635
103734636
103734636
103734636
103734637
103734638
103734638
103734638
103734639
103734639
103734639
103734640
103734640
103734640
103734641
103734641
103734641
103734642
103734642
103734642
103734643
103734643
103734643
103734644
103734645
103734646
103734646
103734646
103734647
103734648
103734648
103734648
103734649
103734649
103734649
103734650
103734650
103734650
103734651
103734651
103734651
103734652
103735701
103735702
103735702
103735702
103735703
103735703
103735703
103735704
103735704
103735704
103735705
103735705
103735705
103735706
103735706
103735706
103735707
103735707
103735707
103735708
103735709
103735710
103735711
103735711
103735711
103735712
103735713
103735714
103735714
103735714
103735715
103735716
103735717
103735718
103735718
103735718
103735718
103735719
103735720
103735720
103735720
103735721
103735721
103735721
103735721
103735721
103735722
103735722
103735722
103735723
103735723
103735723
103735724
103735725
103735726
103735727
103735728
103737203
103737203
103738691
103738691
103738691
103738753
103738753
103738753
103738754
103738754
103738754
103738755
103738755
103738755
103738756
103738756
103738756
103738757
103738757
103738757
103738818
103738818
103738818
103738819
103738819
103738819
103738820
103738820
103738820
103738821
103738821
103738821
103738821
103738822
103738822
103738822
103738935
103738935
103738935
103738936
103738936
103738936
103738937
103738937
103738937
103738938
103738938
103738938
103738939
103738939
103738939
103739012
103739012
103739012
103739013
103739013
103739013
103739014
103739014
103739014
103739015
103739015
103739015
103739016
103739016
103739016
103739079
103739079
103739079
103739080
103739080
103739080
103739081
103739081
103739081
103739082
103739082
103739082
103739083
103739083
103739083
103739147
103739147
103739147
103739148
103739148
103739148
103739149
103739149
103739149
103739150
103739150
103739150
103739428
103739429
103739431
103742918
103742919
103742920
103743008
103743009
103743010
103743025
103745040
103746690
103746690
103746690
103746690
103746690
103746691
103746691
103746691
103746691
103746691
103746692
103746692
103746692
103746692
103746692
103746693
103746693
103746693
103746693
103746693
103746693
103746694
103746694
103746694
103746694
103746694
103746694
103746727
103746888
103746959
103747026
103747245
103747375
103747442
103747443
103749645
103749645
103749646
103749646
103749646
103749646
103749647
103749647
103749648
103749648
103749649
103749649
103750111
103750111
103750112
103750112
103750113
103750113
103750113
103750113
103750113
103750114
103750114
103750115
103750115
103755607
103755607
103755811
103755812
103755813
103755814
103755815
103755855
103755856
103755857
103755858
103755859
103755995
103755995
103755996
103755997
103755997
103756038
103756038
103756039
103756039
103756040
103756041
103756042
103756094
103756095
103756096
103756096
103756096
103756096
103756096
103756096
103756096
103756096
103756096
103756096
103756096
103756096
103756096
103756096
103756096
103756096
103756096
103756096
103756096
103756096
103756097
103756610
103756611
103756612
103756613
103756614
103756615
103756672
103756673
103756674
103756675
103756676
103756677
103756733
103756734
103756735
103756736
103756737
103756738
103757067
103757068
103757069
103757070
103757137
103757138
103757139
103757140
103757229
103757230
103757231
103757232
103757233
103757303
103757304
103757305
103757306
103757307
103757370
103757371
103757372
103757373
103757374
103757454
103757455
103757456
103757457
103757458
103757520
103757521
103757522
103757523
103757524
103757583
103757584
103757585
103757586
103757587
103757693
103758452
103758453
103758454
103758455
103758533
103758534
103758535
103758536
103758605
103758606
103758607
103758608
103758674
103758675
103758676
103758677
103758755
103758756
103758757
103758758
103758839
103758840
103758841
103759736
103759736
103767862
103767891
103768028
103768029
103768029
103768029
103768030
103768030
103768030
103768031
103768032
103768061
103768065
103768066
103768111
103768112
103768113
103768149
103768150
103768151
103768152
103768154
103768155
103768156
103768157
103768158
103768158
103768158
103768158
103768159
103768160
103768187
103768191
103768192
103768193
103768194
103768195
103768196
103768197
103768198
103768200
103768201
103768202
103768204
103768205
103768206
103768209
103768209
103768209
103768210
103768211
103768212
103768213
103768241
103768248
103768249
103768250
103768251
103768252
103768253
103768254
103768255
103768256
103768257
103768258
103768259
103768260
103768261
103768262
103768263
103768285
103768290
103768292
103768293
103768294
103768295
103768296
103768297
103768298
103768299
103768307
103768334
103768365
103768422
103769712
103769713
103769713
103769714
103769715
103769719
103769743
103769744
103769745
103769746
103769747
103769748
103769749
103769750
103769775
103769776
103769777
103769778
103769779
103769780
103769781
103769782
103769783
103769784
103769785
103769786
103769787
103769795
103769796
103769808
103769812
103769813
103769814
103769815
103769816
103769817
103769818
103769819
103769819
103769819
103769821
103769822
103769823
103769824
103769825
103769826
103769827
103769829
103769830
103769831
103769832
103769832
103769832
103769836
103769837
103769841
103769844
103769845
103769846
103769847
103769849
103769850
103769850
103769850
103769851
103769851
103769851
103769852
103769853
103769854
103769855
103769856
103769856
103769857
103769857
103769857
103769858
103769859
103769860
103769861
103769862
103769863
103769872
103769872
103769876
103769876
103769877
103769877
103769878
103769879
103769879
103769879
103769880
103769880
103769881
103769881
103769882
103769884
103769888
103769889
103769900
103769900
103769901
103769901
103769901
103769901
103769902
103769902
103770374
103770374
103770379
103770379
103770389
103770389
103770528
103770528
103770541
103770541
103770542
103770542
103770568
103770568
103770583
103770583
103770587
103770587
103770606
103770606
103770607
103770607
103770612
103770612
103770616
103770616
103770639
103770639
103770662
103770662
103770692
103770692
103770731
103770731
103770828
103770828
103770845
103770845
103770976
103770976
103770993
103770993
103770995
103770995
103771007
103771007
103771100
103771100
103771122
103771122
103771129
103771129
103771134
103771134
104234145
104234145
104234146
104234146
104234147
104234147
104234148
104234148
104234151
104234151
104234156
104234156
104234163
104234163
104234169
104234169
104234176
104234176
104234183
104234183
104234199
104234199
104234226
104234226
104234228
104234228
104234229
104234229
104234238
104234238
104234242
104234242
104234246
104234246
104234255
104234255
104234256
104234256
104234271
104234271
104234273
104234273
104234352
104234352
104238293
104238532
104238533
104238601
104238602
104238603
104238604
104238605
104238662
104238663
104238664
104238665
104238666
104238723
104238724
104238725
104238726
104238727
104238788
104238789
104238790
104238791
104238792
104238852
104238853
104238854
104238855
104238855
104238855
104238855
104238855
104238856
104240364
104240364
104242202
104242205
104242251
104242266
104242266
104242787
104242894
104242894
104242894
104242895
104242896
104242897
104242898
104242995
104243124
104243125
104243126
104244813
104246526
104246526
104247004
104247004
104247295
104247295
104247713
104247713
104251392
104251392
104252420
104252420
123083185
123083185
123083191
123083191
123083206
123083206
123083480
123083852
123084226
123084226
123084226
123084393
123084397
123084398
123084398
123084398
123084851
123084851
123084917
123084917
123085058
123085058
123085230
123085230
123085521
123085521
123085813
123085813
123085813
123086577
123086577
123086662
123086673
123086673
123086673
123086691
123086691
123086691
123086806
123086806
123087255
123087326
123087326
123087327
123087327
123087739
123087747
123087788
123087788
123087792
123087792
123088995
123088995
123088995
123089013
123089013
123089013
123089014
123089014
123089014
123089025
123089025
123089025
123089026
123089026
123089026
123089405
123089405
123089475
123090165
123090165
123090416
123090416
123090416
123091114
123091114
123091114
123091115
123091115
123091115
123091215
123091215
123091215
123091231
123091260
123091260
123091260
123091281
123091281
123091281
123091293
123091293
123091293
123091964
123092024
123092094
123092331
123092331
123092444
123092444
123092708
123092708
123092708
123092730
123092931
123093057
123093186
123093187
123093451
123093451
123093451
123093622
123093622
123093622
123094261
123094261
123094262
123094262
123094676
123094676
123094713
123094713
123094714
123094714
123094719
123094719
123094738
123094738
123094993
123094993
123094993
123095020
123095209
123095210
123095944
123096578
123096578
123096579
123096579
123096619
123096619
123096749
123096749
123096753
123096753
123097006
123097006
123097009
123097009
123097261
123097261
123097347
123097347
123097347
123098049
123098049
123098049
123098213
123098266
123098266
123098266
123098883
123098883
123098884
123098884
123099348
123099348
123099352
123099352
123099410
123099604
123099622
123099622
123099622
123099642
123100235
123100235
123100361
123100361
123100361
123100515
123100515
123100515
123100516
123100516
123100516
123100522
123100532
123100532
123100532
123100549
123100913
123100913
123101179
123101179
123101220
123101433
123101528
123101528
123101528
123101626
123101626
123101630
124956498
124956498
124956498
124956535
124956536
124956536
124956536
124956823
124956823
124956845
124956845
124956846
124956846
124956846
124956847
124956847
124957286
124957365
124957366
124957367
124957368
124957534
124957985
124958057
124958057
124958184
124958184
124958184
124958489
124958489
124958961
124959157
124959157
124959157
124959158
124959158
124959158
124959198
124959198
124959198
124959199
124959199
124959199
124959200
124959200
124959200
124959201
124959201
124959201
124959460
124959490
124959490
124959491
124959491
124959556
124959556
124959557
124959557
124959557
124959557
124959557
124959557
124959557
124959942
124960016
124960016
124960016
124960017
124960018
124960019
124960020
124960020
124960020
124960021
124960183
124960987
124960987
124961245
124961580
124961581
124961669
124961766
124961766
124961766
124961767
124961767
124961767
124961768
124961768
124961768
124961810
124961811
124961812
124961812
124961812
124962125
124962125
124962126
124962126
124962127
124962643
124962643
124962643
124962790
124962790
124962791
124962792
124963552
124963552
124963756
124963825
124963825
124963893
124963893
124964349
124964349
124964349
124964350
124964351
124964351
124964351
124964390
124964390
124964390
124964391
124964391
124964391
124964392
124964392
124964392
124964641
124964718
124964718
124964719
124964719
124964720
124964720
124964721
124964721
124964722
124964722
124964722
124964723
124964724
124965137
124965222
124965404
124965405
124965406
124965485
124965485
124965485
124966204
124966204
124966219
124966219
124966244
124966244
124966567
124966567
124966791
124966838
124967087
124967088
124967088
124967088
124967323
124967408
124967431
124967431
124967432
124967432
124967433
124967433
124967945
124967945
124967946
124967947
124967947
124967947
124968099
124968100
124968101
124968171
124968171
124968324
124968622
124968622
124968622
124968684
124969736
124969737
124969737
124969737
124969738
124969738
124969738
124969787
124969787
124969787
124969788
124969789
124969789
124969789
124969790
124969791
124969791
124969791
124970066
124970085
124970085
124970086
124970086
124970087
124970087
124970088
124970088
124970089
124970089
124970089
124970505
124970575
124970735
124970850
124970850
124971543
124971543
124971557
124971557
124971685
124971685
124971899
124971899
124972153
124972228
124972228
124972228
124972340
124972340
124972340
124972341
124972341
124972341
124972342
124972342
124972342
124972343
124972343
124972343
124972344
124972345
124972390
124972390
124972390
124972679
124972680
124972680
124972681
124972681
124972753
124972753
124972753
124973156
124973156
124973156
124973157
124973273
124973273
124973310
124973311
124973312
124973313
124973507
124973762
124973876
124973876
124973876
124973967
124973967
124973967
124974065
124974065
124974125
124974125
124974480
124974480
124974756
124974931
124974932
124974932
124974932
124974976
124975261
124975281
124975281
124975282
124975282
124975282
124975282
124975282
124975282
124975282
124975283
124975283
124975283
124975284
124975284
124975284
124975285
124975285
124975352
124975352
124975692
124975763
124975764
124975915
124975915
124975916
124976534
131271861
131271862
131271863
131271928
131271928
131271928
131271928
131271929
131271930
131272186
131272270
131272271
131272934
131273026
131273131
131273132
131273531
131273645
131273816
131273817
131273818
131274194
131274674
131274903
131274903
131274903
131274907
131275101
131275102
131275584
131275584
131275584
131275584
131275584
131275584
131275584
131275584
131275869
131275870
131275871
131275872
131275873
131276253
131276254
131276881
131276883
131276944
131276945
131276945
131276945
131277050
131277133
131277134
131277821
131277822
131277823
131277824
131278152
131278232
131279162
131279163
131279164
131279314
131279812
131279812
131279823
131279823
131279823
131279823
131279823
131279908
131279910
131279911
131279992
131279993
131280312
131280313
131281097
131281100
131281205
131281206
131281207
131281899
131281900
131281985
131281985
131281985
131281985
131281986
131282280
131282916
131282977
131282977
131282977
131282978
131282978
131282978
131283084
131283085
131283183
131283691
131283692
131283791
131283791
131283895
131283896
131283897
131283916
131283975
131283975
131283976
131283976
131284267
131284268
131284740
131284957
131285064
131285176
131285177
131285178
131285179
131285180
131285871
131285872
131285960
131286202
131286275
131286276
131286938
131286992
131286993
131286994
131287116
131287194
131287206
131287207
134434648
134434648
134434649
134434649
134434663
134434663
134436787
134436907
134437146
134437147
134437780
134437781
134437966
134437966
134438306
134438306
134438306
134438306
134438515
134438515
134438516
134438516
134440707
134440708
134440832
134442148
134442148
134442324
134442324
134442324
134442324
134442324
134442324
134442324
134442324
134442330
134442330
134442350
134442350
134442351
134442351
134442352
134442352
134442352
134442352
134442395
134444491
134444492
134444493
134444494
134444603
134444609
134445988
134445988
134446199
134446199
134446200
134446200
134446204
134446204
134446204
134446204
134446205
134446205
134446206
134446206
134446207
134446207
134446208
134446208
134447941
134447941
134448402
134448524
134448531
134448764
134448765
134448766
134448767
134449976
134449976
134450166
134450166
134450167
134450167
134450184
134450184
134450449
134450722
134451810
134451810
134452282
134452398
134452406
134452629
134452630
134452631
134453344
134453344
134453771
134453771
134453772
134453772
134453773
134453773
134453975
134453975
134453984
134453984
134453985
134453985
134454026
134455312
134456072
134456198
134456209
134456210
134456422
134456436
134457592
134457592
134457814
134457820
134457820
134457820
134457820
134457830
134457830
134457831
134457831
134459878
134460235
134460236
134461578
134461582
134461582
134461583
134461583
134461592
134461592
134461602
134461602
134461603
134461603
134461604
134461604
134461605
134461605
134461606
134461606
134461607
134461607
134461608
134461608
134461651
134462771
134463707
134463708
134463709
134463827
134463828
134464048
134464696
134464697
135649828
135649837
135649939
135649939
135649939
135649941
135650023
135650026
135650088
135650088
135650115
135650115
135650115
135650115
135650152
135650188
135650207
135650212
135650228
135650239
135650239
135650274
135650274
135650275
135650312
135650368
135650377
135650525
135650525
135650533
135650533
135650536
135650580
135650580
135650580
135650581
135650581
135650581
135650584
135650584
135650584
135650596
135650596
135650596
135650606
135650606
135650606
135650627
135650756
135650756
135650810
135650903
135650904
135650904
135650904
135650909
135650909
135650921
135650921
135650950
135651001
135651006
135651059
135651095
135651128
135651170
135651253
135651259
135651264
135651331
135651367
135651413
135651413
135651413
136920451
136920451
136920460
136920460
136920946
136921833
136921833
136921836
136921836
136921909
136921909
136921909
136921910
136921910
136921910
136921911
136922560
136923079
136923079
136923080
136923080
136923080
136923080
136923081
136923241
136923241
136923241
136923241
136923242
136923242
136923324
136923324
136923324
136923324
136923325
136923327
136923328
136923407
136923407
136923531
136923531
136923736
136923736
136923740
136923740
136923751
136923751
136924251
136924252
136925133
136925133
136925210
136925210
136925210
136925210
136925210
136925210
136925210
136925211
136925211
136925211
136925212
136925213
136925213
136925213
136925214
136925223
136925223
136926345
136926561
136926561
136926562
136926562
136926562
136926562
136926754
136926754
136926755
136926755
136926966
136926966
136926996
136926996
136927517
136927518
136928378
136928378
136928379
136928379
136928380
136928380
136928446
136928446
136928446
136928447
136928447
136928447
136928448
136928448
136928448
136928448
136928448
136928448
136928448
136928448
136928448
136928448
136928448
136928448
136928449
136928449
136928449
136928449
136928449
136928449
136928449
136928449
136928449
136928449
136928510
136928510
136929021
136929043
136929507
136929508
136929508
136929508
136929509
136929743
136929743
136929745
136929746
136929935
136929936
136929936
136929936
136929936
136929936
136930151
136930151
136930716
136930717
136931594
136931594
136931665
136931665
136931665
136931665
136931665
136931665
136931665
136931665
136931665
136931665
136931665
136931665
136931666
136931666
136931666
136932252
136932253
136932254
136932778
136932779
136932779
136932779
136932780
136932780
136932780
136932781
136932781
136932782
136932782
136932952
136932952
136932952
136932952
136933016
136933016
136933017
136933017
136933023
136933024
136933214
136933214
136933215
136933215
136933682
136933682
136934205
136934206
136934207
136935047
136935047
136935116
136935116
136935116
136935116
136935116
136935116
136935116
136935116
136935117
136935118
136935118
136935118
136935119
136936197
136936197
136936198
136936198
136936198
136936199
136936412
136936413
136936413
136936413
136936413
136936418
136936419
136936604
136936605
136936605
136936730
136936730
136937304
136937305
136937306
136937307
136937308
136938221
136938222
136938222
136938222
136938223
136938223
136938223
136938224
136938224
136938224
136938225
136938225
136938225
136938495
136938842
136938843
136938862
136939345
136939345
136939345
136939345
136939345
136939346
136939346
136939347
136939475
136939475
136939475
136939475
136939543
136939544
136939548
136939744
136939745
136939745
136939883
136939962
136939962
136939978
136939978
136940511
136940512
136940513
136941379
136941379
136941453
136941453
136941453
136941822
136941823
136942527
136942527
136942527
136942528
136942529
136942529
136942530
136942531
136942585
136942757
136942757
136942758
136942958
136942958
136943715
136943716
136944588
136944588
136944590
136944590
136944653
136944654
136944654
136944654
136944655
136944655
136944655
136944655
136944655
136944655
136944655
136944655
136944655
136944655
136944655
136944655
136944656
136944656
136944656
136944656
136944656
136944656
136944656
136944656
136944656
136944656
136944656
136944656
136944657
136944657
136944657
136944657
136944657
136944657
136944657
136944657
136944657
136944657
136944657
136944657
136944658
136944658
136944658
136944658
136944658
136945755
136945755
136945756
136945757
136945757
136945757
136945758
136945758
136945759
136945759
136945759
136946005
136946005
136946006
136946006
136946007
136946007
136946009
136946010
144087319
144087319
144087319
144087319
144087319
144087319
144087319
144087319
144087319
144087319
144087319
144087319
144087319
144087319
144087319
144087319
144087319
144087319
144087319
144087319
144087319
144087319
144087319
144087319
144087319
144087319
144087319
144087319
144087319
144087319
144087319
144087319
144087319
144087319
144087319
144087319
144087319
144087319
144087319
144087319
144087319
144087319
144087319
144087319
144087319
144087319
144087319
144087319
144087319
144087319
144087319
144087319
144087319
144087319
160666916
160667853
160667854
160667855
160667856
160667989
160668927
160668928
160669304
160671354
160671354
160671847
160671847
160671861
160671869
160671902
160671902
160671910
160671910
160671983
160671983
160673196
160673197
160673455
160673455
160673456
160673456
160674238
160674986
160675165
160677128
160677128
160677133
160677133
160677569
160678244
160678560
160678800
160678800
160679565
160682878
160682879
160682879
160682879
160682879
160682880
160682880
160682880
160683898
160683899
160683900
160684057
160685281
160685282
160685309
160685842
160687250
160687250
160688232
160688233
160688234
160688234
160688234
160688235
160688954
160689251
160689418
160689419
160690319
160690652
160690726
160692461
160692461
160692682
160692682
160693281
160693281
160693300
160693300
160693426
160693426
160693705
160693706
160693714
160693717
160694698
160694699
160694700
160694701
160694962
160694962
160694963
160694963
160696140
160696765
160698338
160698338
160698611
160698611
160698676
160698676
160700231
160700350
160700350
160700351
160700351
160701913
160703994
160703994
160703999
160703999
160704322
160704322
160704432
160704436
160705128
160705400
160705554
160705555
160705659
160705659
160705660
160705660
160705661
160705661
160705662
160705662
160706901
160707848
160708502
160708502
160708514
160708514
160708999
160708999
163312392
163312392
163312393
163312393
163312394
163312394
163313298
163313299
163313315
163313576
163313577
163313578
163313579
163313580
163313792
163313928
163313928
163313945
163313946
163313947
163313948
163313949
163313949
163313949
163313950
163313951
163313952
163313953
163313954
163314271
163314271
163314271
163314600
163314600
163314601
163314601
163314602
163314602
163314604
163314604
163314841
163315008
163315082
163315257
163315258
163315258
163315259
163315475
163315476
163315720
163315720
163315725
163316034
163316695
163317000
163317001
163317002
163317003
163317004
163317005
163317006
163317374
163317375
163317376
163317377
163317378
163317379
163317380
163317381
163318012
163318012
163318013
163318013
163318067
163318067
163318068
163318068
163318069
163318069
163318070
163318070
163318071
163318071
163318072
163318072
163318073
163318073
163318141
163318446
163318766
163318767
163318768
163318768
163318769
163318770
163318771
163318771
163318772
163318772
163318773
163318945
163318946
163318947
163318948
163318949
163319000
163320172
163320173
163320174
163320194
163320474
163320475
163320476
163320477
163320478
163320628
163320846
163320847
163320847
163320847
163320848
163320849
163320850
163320851
163321193
163321194
163321194
163321194
163321194
163321195
163321195
163321195
163321196
163321197
163321197
163321198
163321484
163321484
163321536
163321536
163321537
163321537
163321538
163321538
163322402
163322906
163323866
163323867
163323868
163323869
163323869
163323870
163323871
163324070
163324217
163324218
163324219
163324220
163324564
163324564
163324564
163324564
163324839
163324839
163324840
163324840
163324841
163324841
163324842
163324842
163324843
163324843
163324907
163324907
163324908
163324908
163324909
163324909
163324912
163324912
163324913
163324913
163324914
163324914
163324915
163324915
163324916
163324916
163324917
163324917
163324918
163324918
163325160
163325400
163325596
163325596
163325597
163325598
163325796
163325797
163325798
163327010
163327011
163327028
163327315
163327316
163327317
163327318
163327319
163327320
163327681
163327681
163327681
163327682
163327683
163327684
163327685
163327686
163328011
163328011
163328011
163328012
163328012
163328012
163328012
163328013
163328013
163328013
163328013
163328013
163328289
163328289
163328290
163328290
163328358
163328358
163328359
163328359
163328360
163328360
163328613
163329014
163329015
163329016
163329017
163329017
163329089
163329224
163329224
163329224
163329224
163329225
163329225
163329225
163329225
163329714
163329714
163330489
163330808
163330809
163330810
163330811
163330812
163330813
163330961
163331207
163331207
163331208
163331209
163331210
163331211
163331845
163331845
163331897
163331897
163331898
163331898
163331899
163331899
163331900
163331900
163332151
163332281
163332281
163332610
163332611
163332813
163332814
163332815
163333305
163333360
163333360
163333360
163333360
163333360
163334030
163334043
163334316
163334533
163334689
163334690
163334691
163334692
163334693
163335369
163335369
163335594
163335595
163336015
163336015
163336216
163336217
163336459
163336459
163337438
163337439
163337440
163337441
163337733
163337734
163338085
163338086
163338087
163338088
163338089
163338225
163338435
163338732
163338732
163338733
163338733
163338734
163338734
163338736
163338736
163338996
163338997
163339280
163339280
163339427
163339428
163339429
163339429
163339430
163339431
163339617
163339618
163339619
164127859
164131815
164133532
164133533
164133572
164138116
164139188
164139226
164141688
164141688
164141990
164142621
164144498
164144498
164144752
164147525
164147559
174486901
174487194
174487194
174487195
174487196
174487563
174487645
174487646
174487647
174488662
174488663
174488664
174488665
174488666
174489235
174489340
174489341
174489342
174489643
174489643
174490552
174490552
174490552
174490553
174490553
174490553
174491594
174491735
174491944
174492224
174492599
174492688
174492688
174492689
174492689
174492690
174492691
174492691
174492691
174492692
174493695
174493696
174493697
174493698
174494448
174494812
174494812
174496375
174496429
174496429
174496429
174496429
174496586
174496661
174497298
174497299
174497299
174497300
174497300
174497301
174497302
174497303
174497303
174497722
174497722
174497805
174497805
174497806
174497806
174497807
174497808
174497809
174498480
174498838
174498839
174498840
174498841
174498842
174499532
174500800
174500800
174500800
174500945
174500945
174502548
174502974
174503067
174503068
174503662
174503662
174504101
174504102
174504765
174504766
174505138
174505138
174505138
174506011
174506011
174506011
174506012
174506013
174506025
174507435
174507732
174507732
174507733
174507734
174508142
174508253
174508254
174508254
174508255
174508255
174508256
174508257
174508869
174509229
174509230
174509231
174509725
174510203
174510203
174510312
174511139
174511294
174511294
174512869
174512869
174513296
174513297
174513371
174513372
174513373
174513374
174513374
174513375
174513376
174514391
174515424
174516279
174516279
174516279
174516280
174516281
174516391
174516392
174517283
174517893
174517894
174517894
174517895
174517895
174517895
174517896
174518299
174518401
174518402
174518402
174518403
174518404
174519395
174519396
174519397
174519398
174519399
174519400
174519401
174521390
174521390
174521390
174521391
174521402
174521402
174521402
174522465
174522952
174523130
174523131
174523132
174523132
174523133
174523538
174523539
174523632
174523633
174523633
174524891
174525281
174525368
174525699
174525699
178100278
178100288
178100291
178100292
178100294
178100295
178103923
178103928
194134279
194134279
194134381
194134381
194139602
194139602
194142498
194142499
194146483
194146483
194146484
194146484
194146503
194146503
194149294
194152233
194152381
194152382
194152819
194152819
194153335
194153335
194153336
194153336
194153885
194153885
194156295
194156296
194159180
194159323
194159324
194159569
194159776
194160318
194160318
194160319
194160319
194160320
194160320
194160321
194160321
194160322
194160322
194160891
194160891
194161898
194161898
194163234
194166328
194166329
194167235
194167235
194167236
194167236
194167237
194167237
194167259
194167259
194172536
194173164
194173165
194173569
194173569
194174062
194174062
194174094
194174094
194174095
194174095
194174096
194174096
194174097
194174097
194174098
194174098
194175385
194176915
194179209
194179209
194180957
194180957
194180958
194180958
194180959
194180959
194180983
194180983
194180984
194180984
194180985
194180985
194183610
194183610
194183766
194186818
194187844
194187844
242084574
242084574
242084623
242084623
242133824
242137394
242295468
242301882
242371692
242374847
242374847
242405369
242430918
242430918
242432370
242450793
242510763
242548814
242566490
242566490
242568127
242581035
242586088
242586088
242590378
242610449
242610449
242610847
242611040
242611078
242611246
242611270
242611292
242611409
242611711
242611904
242612181
242612614
242613625
242614868
242614872
242620159
242620160
242620425
242620426
242620427
242620428
242620429
242620430
242620431
242620432
242620433
242620434
242620435
242620436
242620437
242620438
242620439
242622525
242633513
242633515
242633536
242633537
242633538
242633539
242633540
242633991
242633992
242633993
242633994
242633995
242633996
242633997
242633998
242633999
242634000
242634001
242634002
242634002
242634002
242634003
242634004
242634005
242634006
242634007
242634008
242634009
242634010
242634011
242634012
242634013
242634014
242634015
242635613
242635616
242635630
242635656
242645329
242645353
242645353
242645353
242645353
242645353
242645353
242645353
242645353
242645353
242645353
242645353
242645354
242645354
242645355
242645355
242645356
242645356
242645357
242645357
242645358
242645359
242645359
242645359
242645360
242645360
242645361
242645362
242645362
242645363
242645363
242645364
242645364
242645365
242645365
242645366
242645366
242645573
242645573
242646508
242648461
242648513
242648514
242648751
242648752
242648753
242648754
242648755
242648756
242648757
242648758
242648759
242648760
242648761
242648762
242648762
242648762
242648763
242648764
242648765
242648766
242648767
242648768
242648769
242648770
242648771
242648772
242648773
242648774
242648775
242648776
242648777
242648778
242648779
242648780
242648781
242648782
242648783
242648784
242648785
242648786
242648786
242648786
242648787
242648788
242648789
242648790
242648791
242648792
242648793
242648794
242648795
242648796
242648797
242648798
242648799
242648799
242648799
242648800
242648801
242648801
242648801
242648802
242648803
242648803
242648803
242648804
242648805
242648806
242648807
242648808
242648809
242648810
242648811
242648811
242648811
242648812
242648813
242648814
242648814
242648814
242648815
242648816
242648816
242648816
242648817
242648818
242648819
242648820
242648820
242648820
242648820
242648820
242648821
242648822
242648822
242648822
242648823
242648824
242648824
242648824
242648825
242648825
242648825
242648826
242648827
242648828
242648829
242649390
252166638
252166639
252166640
252166889
312346581
312353219
312353219
312355149
312355160
312355752
312355753
312355754
312355755
312355756
312355757
312355758
312355759
312355760
312355761
312355762
312355763
312355763
312355764
312355765
312355766
312355767
312355768
312355769
312355770
312355771
312355772
312355773
312355774
312355775
312355776
312355777
312355778
312355779
312355780
312355781
312355782
312355783
312357904
312358235
312359683
312359684
312361687
312365533
312365533
312372725
312374780
312374781
312374782
312374783
312374784
312374785
312374786
312374787
312374788
312374789
312374790
312374791
312374792
312374793
312374794
312379682
312379682
312379683
312379683
312379684
312379684
312379685
312379685
312379686
312379687
312379687
312379688
312379688
312379689
312379689
312379690
312379690
312379691
312379691
312379692
312383113
312383114
312383115
312383116
312383117
312383118
312383119
312383120
312383121
312383122
312383123
312383124
312383125
312383126
312383127
312383128
312385361
312385364
312385366
312385560
312385561
312385562
312385563
312385564
312385565
312385566
312385566
312385567
312385567
312385568
312385569
312385569
312385570
312385571
312385571
312385572
312385573
312385574
312385575
312385576
312385577
312385578
312385579
312385580
312385581
312385582
312385583
312385584
312385585
312385585
312385586
312385587
312385588
312385589
312385590
312385591
312385592
312386823
312386824
312386825
312386826
312386827
312386828
312386829
312386830
312386831
312386832
312386833
312386834
312386835
312386836
312386837
312386838
312386839
312386840
312386841
312386842
312386843
312388817
312390293
312390293
312390722
312392322
312392322
312392323
312392323
312392324
312392324
312392325
312392325
312392326
312392326
312392327
312392327
312392328
312392329
312392330
312392331
312392332
312392333
312392333
312392333
312392334
312392335
312392335
312392336
312392336
312392337
312392337
312392338
312392338
312392371
312392371
312392372
312392373
312392374
312392375
312392375
312392376
312392376
312392377
312392377
312392378
312392378
312397791
312397791
312397792
312397792
312397793
312397793
312397794
312397794
312397795
312397795
312397796
312397796
312397797
312397797
312441821
312441821
312441821
312441821
312468102
312468102
318372032
318372103
318372104
318372105
318374355
318374355
318374355
318374372
318376732
318376959
318376960
318377030
318377072
318377073
318385131
318386330
318388175
318390136
318396259
318396259
318396838
318406777
318406778
318418520
318418520
318418521
318418521
318418522
318418522
318423326
318423326
318423326
318423326
318423326
318423326
318423327
318423327
318423327
318423327
318423327
318423327
318423328
318423328
318423329
318423329
318423330
318423330
318423331
318423331
318423332
318423332
318423333
318423333
318423334
318423334
318423335
318423335
318423336
318423336
318423337
318423337
318423338
318423338
318423339
318423339
318423340
318423340
318423341
318423341
318423342
318423342
318423343
318423343
318423344
318423344
318423345
318423345
318423346
318423346
318423347
318423347
318423348
318423348
318423349
318423349
318423349
318423349
318423349
318423349
318423350
318423350
318423351
318423351
318423351
318423351
318423351
318423351
318423352
318423352
318423353
318423353
318423354
318423354
318423354
318423354
318423354
318423354
318423355
318423355
318423356
318423356
318423357
318423357
318423358
318423358
318423359
318423359
318423360
318423360
318423361
318423361
318423362
318423362
318423363
318423363
318423364
318423364
318423364
318423364
318423364
318423364
318423365
318423365
318423366
318423366
318423367
318423367
318423368
318423368
318423368
318423368
318423368
318423368
318423369
318423369
318423369
318423369
318423369
318423369
318423370
318423370
318423371
318423371
318423372
318423372
318423373
318423373
318423375
318423375
318423376
318423376
318423377
318423377
318423378
318423378
318423379
318423379
318423380
318423380
318423381
318423381
318423382
318423382
318423383
318423383
318423383
318423383
318423383
318423383
318423384
318423384
318423385
318423385
318423385
318423385
318423385
318423385
318423386
318423386
318423387
318423387
318423388
318423388
318423389
318423389
318423390
318423390
318423391
318423391
318423391
318423391
318423391
318423391
318423392
318423392
318423393
318423393
318423394
318423394
318423394
318423394
318423394
318423394
318423395
318423395
318423396
318423396
318428287
318428287
318428288
318428288
318428289
318428289
318428290
318428290
318428291
318428291
318428292
318428292
318428293
318428293
318428293
318428293
318428293
318428293
318428294
318428294
318428295
318428295
318428296
318428296
318428296
318428296
318428296
318428296
318428297
318428297
318428298
318428298
318428299
318428299
318428300
318428300
318428300
318428300
318428300
318428300
318428301
318428301
318428302
318428302
318428303
318428303
318428304
318428304
318428305
318428305
318428306
318428306
318428307
318428307
318428308
318428308
318428309
318428309
318428309
318428309
318428309
318428309
318428310
318428310
318428311
318428311
318428312
318428312
318428313
318428313
318428314
318428314
318428315
318428315
318428316
318428316
318428317
318428317
318428318
318428318
318428318
318428318
318428318
318428318
318428319
318428319
318428320
318428320
318428321
318428321
318428322
318428322
318428323
318428323
318428323
318428323
318428324
318428324
318428324
318428324
318428325
318428325
318428325
318428325
318428326
318428326
318428326
318428326
318428327
318428327
318428327
318428327
318428328
318428328
318428328
318428328
318428328
318428328
318428329
318428329
318428329
318428329
318428330
318428331
318428331
318428331
318428331
318428332
318428332
318428332
318428332
318428333
318428333
318428333
318428333
318428334
318428334
318428334
318428334
318428335
318428335
318428335
318428335
318428336
318428336
318428337
318428337
318428337
318428337
318428338
318428338
318428338
318428338
318428339
318428339
318428339
318428339
318428340
318428340
318428340
318428340
318428341
318428341
318428341
318428341
318428342
318428342
318428342
318428342
318428343
318428343
318428343
318428343
318428936
318428936
318428937
318428937
318428938
318428938
318428939
318428940
318428941
318428941
318428942
318428943
318428943
318428944
318428945
318428946
318428947
318428948
318428949
318428949
318433895
318433896
318433897
318433897
318433898
318433898
318433899
318433899
318433900
318433901
318433902
318444609
318451724
318451724
318451725
318451725
318451726
318451726
318451727
318451727
318451728
318451728
318451729
318451729
318451730
318451730
318451731
318451731
318451732
318451732
318451733
318451733
318451734
318451734
318451735
318451735
318451736
318451736
318451737
318451737
318451738
318451738
318451739
318451739
318451740
318451740
318451741
318451741
318451742
318451742
318451743
318451743
318451744
318451744
318451745
318451745
318451746
318451746
318451747
318451747
318451748
318451748
318451749
318451749
318451750
318451750
318451751
318451751
318451752
318451752
318451753
318451753
318451754
318451754
318451755
318451755
318451756
318451756
318451757
318451757
318451758
318451758
318451759
318451759
318451760
318451760
318451761
318451761
318451762
318451762
318451763
318451763
318451764
318451764
318451765
318451765
318451766
318451766
318451767
318451767
318451768
318451768
318451769
318451769
318451770
318451770
318451771
318451771
318451772
318451772
318451773
318451773
318451774
318451774
318451775
318451775
318451776
318451776
318451777
318451777
318451778
318451778
318451778
318451778
318451778
318451778
318451779
318451779
318451779
318451779
318451779
318451779
318451780
318451780
318451781
318451781
318451782
318451782
318451783
318451783
318451784
318451784
318451785
318451785
318451786
318451786
318451787
318451787
318451788
318451788
318451788
318451789
318451789
318451789
318451789
318451789
318451789
318451790
318451790
318451791
318451791
318451792
318451792
318451793
318451793
318451793
318451793
318451793
318451793
318451794
318451794
318451795
318451795
318451795
318451796
318451796
318451797
318451797
318451798
318451798
318451799
318451799
318451800
318451800
318451801
318451801
318451802
318451802
318451803
318451803
318451804
318451804
318451805
318451805
318451806
318451806
318451807
318451807
318451808
318451808
318451809
318451809
318451810
318451810
318451811
318451811
318451812
318451812
318451812
318451813
318451813
318451814
318451814
318451815
318451815
318451816
318451816
318451817
318451817
318451818
318451818
318451819
318451819
318451820
318451820
318451821
318451821
318451822
318451822
318451823
318451823
318451824
318451824
318451825
318451825
318451826
318451826
318451827
318451827
318451828
318451828
318451829
318451829
318451830
318451830
318451831
318451831
318451832
318451832
318451832
318451832
318451833
318451834
318451834
318451834
318451834
318451835
318451836
318451836
318451837
318451837
318451838
318451838
318451839
318451839
318451840
318451840
318451841
318451841
318451842
318451842
318451843
318451843
318451844
318451844
318451845
318451845
318451846
318451846
318451847
318451847
318451848
318451848
318451849
318451849
318451850
318451850
318451851
318451851
318451852
318451852
318451853
318451853
318451854
318451854
318451855
318451855
318451856
318451856
318451857
318451857
318451858
318451858
318451859
318451859
318451860
318451860
318451861
318451861
318451862
318451862
318451863
318451863
318451864
318451864
318451864
318451864
318451865
318451866
318451866
318451867
318451868
318451868
318451868
318451868
318451869
318451869
318451870
318451870
318451871
318451871
318451872
318451872
318451872
318451872
318451872
318451872
318451873
318451873
318451874
318451874
318451875
318451875
318451876
318451876
318451877
318451877
318451878
318451878
318451879
318451879
318451880
318451880
318451881
318451881
318451882
318451882
318451883
318451883
318451884
318451884
318451885
318451885
318451886
318451886
318451887
318451887
318455750
318455750
318455751
318455751
318455752
318455752
318455753
318455753
318455754
318455754
318455755
318455755
318455756
318455756
318455757
318455757
318455758
318455758
318455759
318455759
318455760
318455760
318455761
318455761
318455762
318455762
318455763
318455763
318455764
318455764
318455765
318455765
318455766
318455766
318455767
318455767
318455768
318455768
318455769
318455769
318455770
318455770
318455771
318455771
318455772
318455772
318455773
318455773
318455774
318455774
318455775
318455775
318455776
318455776
318455777
318455777
318455778
318455778
318455779
318455779
318455780
318455780
318455781
318455781
318455782
318455782
318455783
318455783
318455783
318455783
318455783
318455783
318455784
318455784
318455785
318455785
318455786
318455786
318456509
318456509
318459881
318464150
329968384
336865697
336865698
336866908
336866908
336867019
336867513
336867514
336867515
336867872
336868128
336868434
336868908
336869895
336870231
336870231
336870231
336870672
336872669
336872669
336872744
336873256
336873588
336873588
336873723
336873724
336873725
336874048
336874048
336874214
336874608
336874661
336874662
336874663
336874664
336874665
336874674
336874684
336874685
336874686
336874687
336874920
336874920
336875018
336875018
336875022
336875022
336875023
336875023
336875024
336875024
336875025
336875025
336875026
336875026
336875026
336875138
336875143
336875144
336875145
336875146
336875452
336875452
336875457
336875457
336875574
336875575
336875576
336875577
336875578
336875581
336875895
336875895
336875896
336875896
336875897
336875897
336875898
336875898
336875899
336875899
336876249
336876249
336876325
336876325
336876580
336876664
336877276
336877584
336877584
336877585
336877585
336877586
336877586
336877587
336877587
336877588
336877588
336878010
336878010
336878011
336878011
336878012
336878012
336878561
336879135
336880271
336880271
336880272
336880272
336880603
336883200
336883200
336884944
336884944
336884983
336884983
336885079
336885079
336886530
336886532
336886681
336886681
336886978
336889220
336890075
336890168
336890498
336890498
336897557
336897850
336897851
336897852
336897853
336897854
336898977
336898978
336899155
336899156
336899157
336899158
336899159
336899376
336900042
336900215
336900216
336900217
336900401
336900401
336900546
336900712
336900713
336900713
336900714
336900715
336900716
336907208
374263482
374263482
374263995
374264062
374264253
374264279
374264293
374264408
374264507
374264553
374264619
374264730
374264805
374264874
374264878
374264986
374265033
374265246
374265327
374265615
374265907
374265958
374266108
374266108
374266164
374266178
374266201
374266230
374266428
374266442
374267959
374267982
374269574
374271820
374272122
374272122
374273351
374273519
374274777
374276038
374277111
374277925
374280463
374280978
374281794
374281924
374281924
374283218
374285887
374285887
374286075
374287024
374287025
374287696
374288539
374289287
374290144
374290988
374291889
374291889
374292982
374294269
374296844
374298939
374299181
374299181
374301310
374301728
374304140
374305606
374305681
374306291
374307993
374308226
374309388
374310157
374310976
374312225
374312225
374314804
374315191
374316855
374318721
374319741
374320500
374321154
374322975
374323053
374324946
374326014
374328246
374328246
374328501
374329837
374330416
374333871
374334347
374334347
374335326
374336544
374337329
374339462
374340137
374340308
374340609
374340973
374342390
374345683
374345683
374345921
374346280
374347580
374352145
374352454
374352509
374353136
374354680
374355458
374356367
374356411
374358675
374359371
374360830
374360884
381837204
381837261
381837540
381837540
381837540
381838832
381839047
381839064
381839594
381839788
381839834
381839896
381839933
381840033
381840033
381840033
381840033
381840198
381840232
381840241
381840292
381840430
381840430
381840647
381840781
381840813
381840933
381841008
381841842
381841842
381841849
381842065
381842223
381842496
381842685
381842757
381842829
381843294
381843429
381843429
381843429
381844027
381844027
381844505
381844637
381845545
381845999
381846439
381846959
381847382
381847382
381847382
381847671
381847916
381848550
381849619
381849652
381850294
381850482
381850517
381850517
381850517
381850697
381850797
381850886
381851026
381852011
381852011
381852011
381852168
381852168
381852195
381852583
381852725
381852821
381852827
381852827
381852827
381852996
381853619
381853823
381854186
381854334
381854635
381855029
381855225
381855533
381855577
381855792
381856098
381856353
381856506
381857352
381857404
381857464
381857553
381858118
381858190
381858192
381858193
381858195
381858358
381858709
381858999
381860058
381860058
381860058
381860913
381860913
381860913
381861384
381861384
381861435
381861468
381861504
381861544
381861761
381861771
381861883
381862004
381862004
381862004
381862197
381862654
381862775
381863071
381863340
381863520
381863691
381863916
381864199
381864384
381864473
381865143
381865220
381865288
381865362
381865485
381865626
381865880
381865880
381865880
381866085
381866151
381866554
381866973
381867209
381867466
381867525
381867623
381867781
381868510
381868510
381868510
381868858
381869010
381869638
381869908
381870144
381870167
381870998
381871109
381871392
381871987
381872233
381872233
381872233
381872249
381872584
381872661
381873008
381873017
381873017
381873017
381873212
381873321
381873503
381877796
381877806
381877836
381878246
381878476
381878858
381879444
381879460
381880069
381880410
381881107
381881107
381881107
381881809
381882018
381882018
381882018
381882038
381882870
381882870
381882870
381883182
381883296
381883354
381883673
381884017
381884162
381884899
381885560
381885815
381885815
381886265
381886265
381886265
381886303
381887031
381887182
381887469
381887484
381887626
381887629
381887919
404651932
404651932
404652165
404652243
404652243
404652300
404652481
404652614
404652614
404652658
404652702
404652702
404653221
404653269
404653979
404654055
404654122
404654122
404654460
404654686
404654846
404655308
404655445
404655459
404655803
404656024
404656062
404656236
404656499
404656515
404656632
404656682
404656716
404656716
404657116
404658036
404658119
404658224
404658224
404658374
404658374
404658729
404659188
404659212
404659223
404659390
404659390
404659457
404660063
404660885
404661109
404661187
404661227
404661296
404661301
404661697
404661697
404661725
404661725
404662101
404662101
404662441
404662671
404663087
404663906
404663972
404664085
404664470
404664512
404664675
404664707
404665338
404665410
404665410
404665563
404665916
404665916
404665926
404666816
404666942
404667446
404667557
404667700
404669156
404669357
404669406
404670004
404670061
404670191
404670191
404670191
404670460
404671494
404671547
404671922
404672352
404672476
404672515
404672515
404672515
404672750
404673020
404673258
404673270
404673669
404674331
404674597
404674862
404675037
404675503
404675508
404675570
404675633
404675835
404675981
404676227
404676408
404676717
404676945
404678712
404678737
404678744
404679711
404680790
404681109
404684207
404684260
404684363
404684511
404684558
404684923
404685415
404685415
404685416
404685456
404686100
404686633
404686669
404687219
404687270
404687565
404688071
404688182
404688337
404688337
404688337
404688337
404688337
404688707
404689022
404689063
404689082
404689082
404689085
404689226
404689731
404690489
404690575
404690762
404690830
404690905
404691040
404691091
404691544
404691958
404692390
404692512
404692568
404692747
404692791
404692917
404693096
404693425
404693600
404693888
404694108
404694643
404694938
404695019
404695182
404696611
404697417
404697417
404698363
404698363
404700889
404701357
404701439
404701619
404701678
404701768
404701784
404701790
404701993
404702133
404702213
404702250
404702251
404702297
404702332
404702592
404702639
404702654
404702706
404702936
404703080
404703295
404703295
404703295
404703295
404703295
404703295
404703330
404703415
404703415
404703415
404703719
404704038
404704131
404704442
404704665
404704692
404704706
404704771
404704790
404704846
404704846
404704846
404705105
404705107
404705142
404705151
404705217
404705360
404705397
404705418
404705566
404705756
404705854
404706019
404706176
404706907
404706907
404707391
404708869
404709945
404709945
404710804
404712183
404712919
404712919
404715868
404715868
404717505
404717505
404717505
404717505
404717505
404717741
440109500
440110038
440110261
440110412
440110412
440110608
440110897
440111129
440111285
440111879
440112716
440113423
440113873
440114153
440115568
440115706
440115773
440115885
440116179
440116278
440116360
440116360
440117027
440117035
440117148
440117160
440117166
440117875
440117925
440117930
440117959
440118232
440118232
440118475
440119853
440119865
440119865
440120121
440120698
440121264
440121487
440122504
440122675
440122694
440122694
440122694
440123122
440123325
440123395
440123395
440123468
440123917
440123917
440124631
440125009
440125095
440125800
440125800
440126562
440127451
440127478
440127638
440127658
440128056
440128100
440128187
440128541
440128752
440129077
440129077
440129443
440129674
440129679
440130051
440130767
440131106
440131143
440131550
440131616
440131721
440131826
440132040
440132232
440132255
440132367
440132813
440132973
440132973
440133221
440133221
440133465
440134172
440134447
440134679
440134679
440134679
440134679
440134679
440135266
440135457
440135532
440135579
440137081
440137639
440137986
440138284
440138766
440138904
440138910
440139093
440140027
440140089
440140116
440140123
440140404
440140762
440141110
440141182
440141621
440141767
440142105
440142216
440142216
440142350
440143191
440143405
440143438
440143440
440143686
440143952
440144099
440144168
440144925
440144981
440145059
440145059
440145094
440145113
440145176
440145385
440145604
440145671
440145814
440145864
440145887
440146043
440146133
440146134
440146134
440146135
440146465
440146603
440146804
440146804
440146808
440147386
440148526
440148836
440148836
440148847
440148943
440150316
440150381
440150596
440150662
440151969
440152112
440152285
440152285
440152310
440152437
440152736
440152736
440152923
440153194
440153354
440153796
440154245
440154245
440154412
440154863
440155090
440155162
440155162
440155162
440155296
440156110
440156172
440156317
440156611
440157237
440157237
440157246
440157467
440157481
440157493
440157579
440157712
440157736
440158376
440158557
440159052
440159327
440159513
440159840
440160176
440160326
440160335
440160912
440160912
440160912
440161037
440161037
440161118
440161204
440161269
440161383
440161383
440161383
440161756
440161803
440162068
440162092
440163179
440163535
440163535
440163631
440163631
440163688
440164301
440164595
440164595
440164595
440164709
440165132
440165225
440165225
440165545
440165585
440165911
440165975
440165975
440166206
440166206
440167631
440167702
440168351
440168398
440168398
440168576
440169471
440169695
440170267
440170267
440170404
440170635
440170924
440170924
440171101
440171101
440171155
440171166
440171166
440171545
440171575
440172169
440172169
440172359
440172743
440173793
440173793
440174220
440174729
440174890
440175187
440175420
440175420
440175420
440175882
440175888
440175888
440175970
440175970
440176169
440176169
440176336
440177324
440177378
440177392
440177709
440177709
440177709
440177903
440177903
440178158
440178405
440178457
440178898
440179305
440179852
440180569
440180707
440180856
440181527
440181527
440182058
440182058
440183410
440183410
440183435
440183633
440183677
440183981
440184781
440184832
440184832
440185178
440185749
440186135
440186484
440186484
440186564
440186564
440186718
440186768
440187226
440187611
440187674
440188105
440188149
440189837
440190076
440190076
440190793
440190793
440190850
440190963
440191381
440191586
440191941
440192216
440192238
440192238
440192667
440192898
440193168
440193168
440193399
440193618
440193790
440193790
440193851
440193851
440193893
440193893
440194320
440194320
440194590
440194665
440194870
440195453
440196200
440196822
440197106
440197577
440197846
440198207
440198207
440198526
440198551
440198624
440199174
440199285
440199426
440199477
440199483
440199577
440199843
440199966
440199966
440200073
440200123
440200437
440200499
440200726
440201576
440201696
440201696
440201756
440202169
440202233
440202897
440203131
440204787
440204884
440205039
440205313
440205313
440205863
440206271
440206460
440207296
440208115
440208178
440208510
440208622
440208928
440209813
440210504
440210578
440210585
440210612
440210618
440210767
440210767
440210809
440211001
440211353
440212008
440212226
440212485
440212553
440212819
440212819
440213008
440213217
440213362
440213401
440213726
440213783
440214095
440214311
440214422
440214422
440214664
440214664
440215258
440215418
440215616
440215616
440217121
440217259
440218697
440218697
440218803
440218835
440219093
440219093
440220491
440221440
440221443
440222078
440222684
440222829
440223093
440223146
440223146
440223156
440223156
440223256
440223337
440223918
440224265
440224302
440224677
440224713
440224957
440224957
440225117
440225245
440225245
440225850
440226651
440226702
440226706
440226861
440227604
440227604
440227673
440227673
440228049
440228548
440228618
440229383
440229555
440229600
440229998
440230063
442046236
442046237
442046237
442046237
442046238
442046238
442046238
442046326
442046374
442046374
442046410
442046729
442046827
442047123
442047549
442047549
442047583
442047682
442047943
442047943
442048313
442048313
442048931
442049255
442049608
442049681
442049762
442050103
442050103
442050331
442050601
442050874
442050993
442051543
442051706
442051800
442051876
442051876
442051944
442052077
442052107
442052190
442052190
442052283
442052374
442052558
442052710
442052759
442053053
442053053
442053184
442053759
442054238
442054392
442055279
442055855
442055903
442055903
442056161
442056321
442056651
442057438
442057607
442057897
442057934
442058645
442058695
442058913
442058966
442059275
442059705
442059705
442059893
442060238
442060366
442060612
442060640
442061337
442061701
442062275
442062275
442062551
442062558
442062780
442062801
442062801
442063095
442064367
442064462
442064462
442064558
442064588
461514256
461515239
461515396
461515680
461515970
461516252
461516349
461516428
461516428
461516428
461516428
461516681
461517760
461517760
461517903
461518030
461518030
461518030
461518260
461518472
461518529
461519180
461519304
461519304
461519304
461519304
461519635
461520103
461520271
461520392
461520501
461520757
461520757
461520757
461521067
461521067
461521067
461521067
461521067
461521566
461521599
461522057
461522057
461522057
461522121
461522677
461522847
461522902
461522902
461523286
461523286
461523357
461524166
461524700
461524959
461524980
461525011
461525589
461525589
461526055
461526267
461526340
461526617
461526617
461526617
461526622
461526827
461527615
461527650
461527758
461527768
461527823
461527823
461528043
461528521
461528521
461528956
461529363
461529462
461529468
461529770
461530079
461530186
461530195
461530286
461530755
461531496
461531711
461532409
461532623
461532971
461533112
461533164
461533164
461533164
461533164
461533696
461534005
461534072
461534980
461535222
461535329
461535724
461535744
461535851
461535861
461536046
461536046
461536046
461536046
461536098
461536447
461536447
461536961
461537541
461537541
461537541
461537688
461537837
461537974
461538097
461539228
461540086
461540169
461540388
461540426
461540927
461540998
461540998
461540998
461540998
461541425
461541772
461541910
461542091
461542144
461542256
461542256
461542702
461543146
461543306
461543733
461543733
461543733
461543873
461544283
461544283
461544889
461545565
461546604
461546677
461546773
461547121
461547146
461547259
461547293
461547328
461547862
461548106
461549463
461549557
461549557
461551015
461551015
461551015
461551026
461551026
461551026
461552407
461552559
461552559
461554271
461554271
461554271
461555406
461556187
461556280
461556521
461556579
461557501
461558294
461558376
461558376
461558837
461558890
461559447
461560591
461561053
461561053
461561053
461561540
461561781
461561938
461562009
461562500
461562664
461562664
461562822
461562822
461562822
461562822
461563589
461563589
461563590